#
# Version TT_2.0.6alpha
#

#  Parameter thresholds:
    0.001562500000000    0.002278942570647    1.087121212121212    0.024262163458378
    0.024630905498065    0.069912373396544    1.171568627450981    0.029562173216029
    0.039378338905921    0.105263869947514    1.184659090909091    0.032832782461307
    0.051532000512136    0.131273566374830    1.275252525252526    0.036153881646613
    0.061926690671434    0.154473363347670    1.303846153846154    0.039496647564024
    0.071580433624422    0.176041338486593    1.366028708133971    0.042754949490391
    0.080618990208258    0.197603444513657    1.405882352941176    0.045968513281527
    0.089417679994350    0.219579621250892    1.447222222222222    0.049156579496925
    0.098405381117433    0.241701419393712    1.513157894736842    0.052272580677953
    0.107389194326585    0.263996207477850    1.559027777777778    0.055345866769418
    0.116647333767998    0.287316844382877    1.605555555555556    0.058377421783325
    0.126173852308643    0.311309832152488    1.630681818181818    0.061413540682791
    0.135953287173263    0.335604592556163    1.675438596491228    0.064446809170496
    0.146154229173772    0.360919806921542    1.720779220779221    0.067480591626392
    0.156793026630047    0.386803000285852    1.757352941176471    0.070508095951702
    0.167906145978309    0.413592435843042    1.781746031746032    0.073545660335307
    0.179556838832934    0.441842170785211    1.861904761904762    0.076598381942820
    0.191878287257829    0.470836430606929    1.881944444444445    0.079691594433219
    0.205045156579537    0.501131261749491    1.925824175824176    0.082861720712387
    0.218906589854574    0.531588096707048    2.027777777777778    0.086035763541778
    0.233580571279683    0.564489516732555    2.129166666666666    0.089263266489965
    0.249046796320125    0.599416159553447    2.148351648351649    0.092572512868858
    0.265676795456537    0.636412133557402    2.226495726495727    0.095934543540323
    0.283446210330042    0.674821747148492    2.292857142857143    0.099400815814853
    0.302362974291974    0.715810943729700    2.345238095238095    0.102981874812322
    0.322519308916232    0.760301038165783    2.436507936507937    0.106667656208946
    0.344596044746839    0.808505827109097    2.516666666666667    0.110483046562442
    0.368519977873160    0.859196869234251    2.607692307692307    0.114482640449401
    0.394809218781751    0.915462172569842    2.683333333333334    0.118667549647398
    0.423832830010664    0.976147436944639    2.809090909090909    0.123054037588685
    0.456335793533085    1.043771404042048    3.041666666666667    0.127721413009926
    0.492710188449086    1.120693233625996    3.261363636363637    0.132665430450350
    0.534183986081417    1.208705175225322    3.527777777777778    0.138034470053062
    0.582120090450410    1.318010786987208    3.816666666666666    0.143948843738482
    0.639604967199010    1.453968480985737    4.267857142857143    0.150741366121781
    0.709937959573689    1.642469463225479    4.775000000000000    0.159179739799158
    0.800908632378970    1.914670670157785    5.690476190476190    0.172192546444171
    0.930863791274294    2.394024022282663    7.550000000000000    0.198414627976531
    1.159238223997480    3.489469876409354   13.250000000000000    0.251554425194656
   99.000000000000000  293.040293040292966  100.000000000000000   17.512017675676859

#  Quality value and parameter threshold and sorted order indexes:
   41 39  0  2 11     0
   40 39  5  1 14     1
   37 39  4  2 37     3
   37 19 33  2  2     2
   36  1  3  7 18     9
   37 39 12  4  2     6
   37 39  4  7  7     5
   36  3 19  0 36     4
   35  1  4  4 36     7
   37 39  4  3 35    28
   36 39  4  4 34    54
   35 11  5  2 33    12
   36 16 12  4  4    10
   35 39  7  5  7     8
   35 13  6  2 31    77
   35 39  8  4  9    11
   33 39  1  7 35    19
   33  5 12  4 15    14
   34 20  9  1 33    13
   35 12 10  2 23    15
   34  3 33  2  7    22
   33 39  6  7  7    20
   34  1  5  6 20    24
   33 39  4  7 22    29
   34  7  9  6 15    55
   33 10 17  7  1    56
   33  4  9  2 35    18
   32 39  1  9 34   141
   36 10 12  9  3    32
   34 10 10  6 15    49
   33 39  6  9  7    60
   33 10 12  9  6    26
   33  3 15  9  5    59
   32 16  9  5 15    17
   32 39 11  9  3    58
   32 21  9  6 12    57
   32 39 18  2  4    38
   32  7 31  2 21    40
   33  6 35  0 39    31
   32  7 14  4 15    25
   33  8 17  7  6   151
   32 33 28  0 13    43
   33 12 28  2 18    44
   33 12 18  7  6    42
   33 12 24  3  8    64
   33 23 28  0 33    48
   32  9 31  6  5    45
   32 26 18  2  8    52
   33 21 11  6 11    16
   33  3 24  6  8    23
   32 17 28  2 15    21
   32 17 13  2 23    30
   33 24 18  2 17   101
   31 18 23  4 26    80
   36 14 15  4 28    39
   34 14 10  6 19    37
   34 19 25  4 15    98
   33  6 15  2 35    46
   33  6  5  5 35    61
   33  5 10  5 30   142
   33  3 25  6 11    84
   32 11 14  7 11    66
   32 19 28  2 25   128
   31  3 22  7 14    33
   33 14 11  6 21    51
   31 11 23  6 21    50
   32 12 23  5 26    68
   31  5 13  5 35    62
   32 18 15  4 29    35
   31  6  7  9 13    47
   31  7 23  6 23    41
   31 39 18  1 27    27
   31  6 15  4 35    34
   31  1 15  4 36    36
   31  6 10  2 38    73
   31  9 30  5 11    63
   30 10  4  9 33    81
   35  5  9  6 33    67
   31 18 11  6 26    69
   30  8 12  9 17    74
   32  5 13  8 20    72
   31  5 11  7 27   100
   30 39  4  7 35    70
   30 39  6  9 19    75
   32 11 16  8 15    65
   30 21 11  6 23   144
   30  6 23  6 25   162
   30  5 12  6 35   104
   30 23 13  9  4    78
   30  9 33  2 26    53
   30  6  5  9 31    95
   29  1  3  9 36   153
   29  6 10  4 37   152
   29 18 33  2 28    94
   31 30 33  1 16   103
   31 20 30  3 12    71
   30 26 21  2 17   122
   29  1 23  6 36   121
   32  9 29  2 33    87
   30  6 33  1 38   120
   31  6 21  2 38    90
   32  1 23  4 37   119
   29 26 29  2 34    86
   31 32 29  0 39   105
   31 17 19  4 30    99
   30  6 23  6 33    79
   30 21 12  6 27    89
   30 23 14  3 30    76
   30 39 10  7 27   109
   30 11 27  2 37   160
   30 18 17  6 10   116
   29 23 22  3 27   147
   30 21 23  4 22   143
   29 39 13  4 30   179
   30 24 17  5 14   129
   29 23 16  6 22   110
   30 12 22  7 18   145
   30 21 15  9  6   146
   29  6 16  7 35    85
   30  6  7  9 33   106
   30  5 16  8 23   117
   30  4 15  8 33   112
   30  4 12  9 31   198
   29  5 15  9 28   187
   29 14 23  6 27    88
   29 23 16  7 27   107
   30 23 21  4 29   126
   29 39 11  8 27   114
   32 13 15  9 23    96
   30 16 16  9 15   138
   29  7  6  9 36   165
   29 14 28  6 11   135
   29 39  9  9 27   137
   29  6 20  7 31   148
   29 30 24  2 10    82
   30 27 17  5 16    83
   29 30 20  2 34   108
   30 28 20  3 21   199
   30 26 29  3 12    91
   29 27 17  6 13    97
   28 21  9 12 36   123
   34 23 19  4 34    92
   32 11 15  8 35   118
   30 15 14 13  2   133
   31 12 16 11 15   130
   30 18 21  3 36   149
   30 18 27  2 38   163
   30 13 16  7 36   124
   30 28 25  2 35   131
   29 11 12 12 16   155
   28 25 30  3 38   216
   33 11 28  4 29    93
   31 26 18  4 36   200
   31 22 33  2 38   154
   29 20 24  4 36   115
   29 15 23  6 29   125
   29 39 16  3 38   111
   29 28 24  3 30   218
   29 27 16  6 27   102
   28 18  7 14 17   158
   30 12 16 14  6   139
   28 10 30  6 29   157
   31 13 25  6 33   175
   29 13 27  6 33   136
   28 10 39  2 37   134
   30 26 35  2 36   132
   28 15 26  6 33   127
   28 27 25  4 11   113
   28 10 15  9 32   156
   28 15 13 11 22   168
   28 11 12 13 18   161
   28 26 34  1 39   186
   28 26 31  4  7   164
   28 25 26  4 24   170
   28 39 15  6 27   241
   29 28 25  4 24   185
   28 27 19  4 37   169
   28 28 16  6 29   180
   27 14 21  9 25   166
   30 15 21 13  6   211
   28 15 21 10 19   246
   28 23 16  8 21   159
   27  9 34  3 38   391
   28 19 34  3 32   183
   28 25 36  3 13   245
   28 11 31  4 32   140
   28 10 32  5 25   207
   30 22 36  4 13   294
   27  9 29  6 36   181
   27 24 16  6 36   195
   27 26 14  8 36   201
   27 39 16  7 30   221
   28 29 22  4 23   173
   27 39 20  3 35   150
   27 39 18  6 13   184
   28 24 19  7 13   205
   28 28 19  6 17   203
   27 27 25  6 33   172
   30 22 27  6 33   171
   30 39 18  6 33   176
   29 19 35  4 23   167
   28 24 22  7 23   177
   28 28 21  7 24   196
   28 26 20  9  5   202
   27 23 25  6 36   192
   28 26 18  7 36   174
   27 39 10  9 36   227
   28 21 16  9 22   222
   27 27 26  7  5   213
   27 10 36  6  5   188
   27 10 33  6 14   182
   28 15 31  6 22   306
   27 16 27  7 11   210
   27  9 23  7 31   209
   27 11 35  4 31   214
   26 18  7 15 34   243
   29 18  9 13 36   247
   26 24 17  6 38   178
   29 23 25  4 38   239
   26  9 29  6 38   255
   26  4 19  9 36   212
   28 25 16  8 36   233
   27  5 21  9 31   237
   26  6  5 15 36   248
   26  9 34  4 38   204
   26 31 23  2 37   189
   26 10 24  9  4   190
   27  4 26  8 11   293
   26 18 33  6 14   197
   26 18 11 13 21   208
   26  1 30 13  0   263
   26 21 27  8  5   257
   26 14 18  9 31   259
   27 17 15  9 36   206
   26 18 31  6 25   191
   26 29 26  2 37   194
   25 15 13 17 36   193
   27 18 11 16 34   230
   26 18 11 18 10   220
   27 15 17 18  5   223
   26 13 17 14 16   219
   28 11 14 17 24   224
   26 13 21 13 18   249
   27 13 18 13 22   226
   25 15 28  9 37   240
   28 20 29  6 36   242
   28 17 15 10 37   250
   27 13 23 11 22   232
   27 18 33  7 10   276
   26 10 23 11 35   268
   26 13 30 12  2   275
   26 19 33  4 38   215
   26 23 25  6 38   229
   26 25 33  3 37   238
   25 21 38  4 36   234
   27 15 38  3 38   228
   26 28 39  2 25   264
   27 29 30  4  8   274
   25 33 24  3 33   266
   27 31 23  4 28   251
   26 32 39  1 26   317
   25 15 31  7 37   231
   25 26 19  8 37   295
   27 28 21  8 15   339
   26 19 17  9 37   362
   26 29 18  8 32   252
   26 19 26  8 22   270
   25 15 31  9 18   217
   26 15 29  9 29   253
   25 25 35  4 35   315
   26 23 28  6 37   314
   25 11 24 12 16   343
   25 11 26 10 37   256
   25 19 19 10 35   265
   26 19 20 12  9   235
   26 17 18 13 22   280
   26 15 18 15 16   225
   25 30 18  9 32   341
   25 25 39  4 15   260
   25 33 27  2 15   292
   26 30 31  3 12   408
   25 30 39  2 23   358
   25 10 16 12 30   282
   25 16 15 17 18   304
   25 21 32  5 36   271
   25 14 34  6 36   272
   25 12 39  6 10   286
   25 20 38  5 36   369
   25 17 31  8 22   285
   25 20 33  6 28   236
   25 20 34  7 14   533
   25 21 19 12 11   244
   26 39 11 12 33   261
   27 27 15 11 28   267
   28 22 12 16 27   283
   26 22 18 13 22   318
   25 23 13 11 37   288
   24 16  7 19 11   468
   24 16 15 18 17   365
   24  5 14 18 24   273
   24 26 26  8 12   308
   24 39  2 19 12   307
   24  7 13 19  9   370
   24  8 15 14 35   289
   25 10 18 12 32   290
   24 15 21 13 26   546
   27 10 19 13 35   287
   25 20 19 13 27   291
   25 20 16 12 35   313
   24 11 22 12 35   284
   24 12 37  6 22   254
   24 13 35  7 34   296
   24 18 24  8 37   402
   25 21 20  9 36   269
   26 28 21  8 28   278
   26 27 20  9 32   262
   24 26 25  9 13   351
   26 20 21 13 28   344
   25 16 26 10 37   277
   24 12 31  6 38   346
   24 33 25  3 24   342
   24 31 18  9 32   281
   24 27 36  4 12   345
   24 20 20 12 35   258
   24 22 19 13 31   279
   24 16 30  9 25   299
   24 15 31  8 37   302
   24 17 33  8 28   303
   24 13 35  8 30   309
   24 20 32  9  6   416
   24 11 34 10  5   330
   24 31 27  4 12   319
   24 18 24 11 24   310
   24 26 24  7 31   354
   24 28 21  9 28   311
   24 14 34  6 37   328
   23 16 13 19 35   335
   24 16 15 19 12   305
   23 11 29  9 38   384
   26 22 19  9 38   326
   23 29 36  3 37   356
   26 32 23  3 38   297
   25 30 26  4 34   298
   26 28 27  5 33   337
   25 29 23  6 33   422
   25 31 23  8  6   499
   25 30 20  9 23   450
   24 31 23  6 29   325
   24 29 30  4 28   449
   24 31 25  4 35   327
   24 30 26  4 37   312
   25 26 32  4 38   332
   24 26 25  6 37   364
   23 17  8 15 37   493
   24 13 22 12 37   323
   23 12 36  9 26   329
   24 15 32  9 30   403
   23 18 24 12 34   392
   25  7 25 12 26   324
   23 12 37  7 34   405
   23  7 39  8 13   372
   23 26 14 17 10   371
   26 23 14 15 31   382
   24 27 15 12 32   333
   24 20 11 18 34   352
   25 19 12 19 31   316
   23 26 27  6 37   300
   23 32 23  4 21   363
   23 15 19 15 16   406
   25 14 28 15  1   322
   25 20 25 13  9   334
   24 25 21 14  3   458
   24 25 18 12 29   425
   23 16 23 13 36   400
   23 15 31  9 35   348
   23 13 35  9 33   350
   23 29 23  5 38   321
   23 11 38 10  5   347
   23 24 16 14 21   349
   23 31 26  7  4   331
   23 29 33  3 38   595
   23 17 26 11 26   412
   24 25 26 12  4   320
   23  5 22 15  9   301
   24 15 22 14 17   426
   23 16 16 17 18   386
   23  0 17 19 16   747
   23 30 39  2 32   567
   23 30 27  4 38   383
   23 31 21  9 16   423
   22 16 10 22 35   452
   28 18 14 22 12   360
   24 22 10 22 25   338
   23 15 13 20 35   418
   22 24 38  6 35   377
   23 15 36  8 33   355
   23 16 35  9 31   359
   23 26 35  6  7   500
   22 26 33  2 39   542
   22 27 25  9 28   375
   24 29 23  9 23   534
   23 30 23  8 31   393
   25 23 24  9 34   368
   24 21 22 12 35   374
   23 22 23 12 32   395
   24 24 21 13 29   336
   24 27 21 12 17   385
   22 34 23  4 31   373
   26 39 26  2 11   584
   23 39 20  6 12   396
   23 34 27  3 11   353
   22 33 29  4 24   381
   24 32 39  2 19   357
   23 32 28  3 32   420
   23 34 30  3 11   470
   22 11 28 10 37   469
   24 11 29 11 18   404
   22  7 27 13 14   451
   23 11 30 12  8   513
   22  3 25 14 18   378
   23 19 26 14  9   466
   22  5 24 18 16   472
   24 16 18 19 11   361
   23  5 27 15 14   437
   22 31 18  8 34   481
   24 29 22  9 33   366
   24 39 15  9 37   397
   22 25 21 12 33   434
   22  7 39  6 22   435
   22 20 35  7 29   432
   22 32 36  3  8   547
   22 29 20  8 36   459
   23 27 27  6 36   478
   22 39 17  9 37   376
   23 27 22  9 36   590
   23 27 26  7 35   380
   22 19 26  9 37   340
   23 26 21  8 38   625
   22 21 24 14 14   401
   22 15 38  7 34   388
   22 39 26  0 31   596
   23 39 30  0 25   387
   22 32 30  4 23   389
   23 31 31  3 33   379
   22  7 37  9 19   443
   22 26 14 12 37   477
   22 31 21 12  4   367
   22 34 23  3 35   413
   21 15 32 13 37   597
   24 16 34 10 31   410
   24 16 28 14 16   414
   23 22 26 12 27   409
   23  6 34 11 33   441
   22 16 12 17 37   497
   22  3 27 15 20   661
   22 19 26 14 20   419
   22  7 36 13  2   454
   22 24 27 12  7   421
   24 28 27  7 20   417
   23 28 30  6 11   548
   22 22 19 15 19   456
   22 18 18 17 18   444
   22 26 21 17  2   613
   22 24 19 17 10   428
   22 21 24 17 15   658
   22 23 32  9  5   415
   23 24 31  7 30   665
   22 22 31  9 26   792
   25 18 35  9 33   439
   23 21 35  8 25   390
   23 19 30  9 37   453
   22 24 35  9 16   494
   23 24 34  8 26   461
   22 20 32  9 35   795
   22 18 27 14 21   474
   22 19 15 22 11   475
   21 27 35  6 34   436
   23 31 31  4 33   455
   23 28 34  5 34   485
   21  6 34 13 33   504
   21 25 26 12 28   473
   23 26 22 13 23   429
   22 24 27 12 28   495
   21 16 24 10 38   438
   21 26 30  6 38   464
   22 19 30  8 38   460
   21 22 14 17 31   467
   21 33 25  6  7   465
   22 34 24  6  8   569
   21 39 20  6 29   463
   22 32 23  6 29   496
   21 25 15 15 31   457
   21 16 25 18 30   482
   24 20 17 18 31   514
   22 16 19 17 37   512
   22 21 22 15 30   471
   22 24 20 14 31   394
   22  0 17 19 21   783
   21 15 27 16 27   558
   24 16 26 18 24   427
   23 13 28 16 20   515
   21 27 26 10 21   743
   21 36 29  1 22   445
   21 20 18 17 34   570
   22 20 14 17 37   749
   21 28 26  9 20   462
   21 28 24  8 35   543
   21 13 28 14 30   398
   21 15 27 17 29   399
   21 20 10 22 35   655
   21 25 20 15 28   431
   21 25 31  7 35   600
   22 24 29  8 35   424
   23 22 29 10 34   446
   22 24 28 13 16   599
   22 25 24 14 21   490
   21 21 33  9 34   564
   21 23 27 12 32   442
   21 25 23 15 26   430
   21 28 27  6 36   771
   21 28 30  6 34   411
   21 28 28  7 35   447
   21 28 25 10 25   407
   21 15 36  9 33   488
   21 25 38  6 30  1042
   21 27 38  4 30   433
   21 34 38  2  6   440
   21 31 33  6  1   692
   21 28 33  6 34   555
   21 18 28 12 36   535
   21 18 21 14 36   713
   21 20 22 17 30   479
   20 22 11 29 36   544
   25 15 14 27  7   793
   23 15 12 22 36   644
   21  5 16 28  3   797
   21 19 15 27  7   734
   21 25 14 15 37   659
   21 20 13 19 36   799
   21 24 15 20 12   574
   21 15 13 22 29   798
   20 20 30  6 39   800
   23 13 34  3 39   507
   22 26 32  3 39   662
   21  7 31  6 39   819
   20 22 36  9 38   540
   25 20 37  7 38   498
   23 28 25  8 37   508
   22  7 33  5 39   448
   21 23 34  8 38   643
   21 18 38  7 37   523
   21 28 31  6 37   689
   21 29 33  4 38   483
   21 32 36  4  7   492
   20 16 24 12 38   559
   21  5  5 14 38   616
   21 21 19 12 38   530
   21 24 22 12 36   529
   22 25 18 14 37   550
   21 16 28 11 38   784
   21 21 19 17 36   536
   20  5  5 17 38   693
   20 39 23  6 26   509
   21 34 24  5 22   538
   22 32 26  5 27   715
   21 31 26  6 13   503
   20 11 32 15 17   531
   23  4 34 14 20   804
   20 24 24 17 21   556
   22 24 13 19 33   560
   22 26 21 16 21   666
   21 24 17 18 32   516
   21 25 19 16 36   731
   20 13 28 18 18   486
   21 11 30 17  5   718
   20 29 36  4 38   517
   20 30 37  4 30   549
   20 31 39  3 21   754
   20 39 23  8  6   539
   21 32 22  7 27   571
   21 32 20  9 27   557
   21 39 24  7  5   585
   20 22 20 17 36   617
   20 18 22 17 35   537
   23 16 24 14 37   491
   21 24 22 15 36   690
   20  1 33 18  3   572
   20 30 22  8 37   510
   21 39 19  9 33   518
   20 31 26  6 33   480
   23 29 25  9 29   511
   21 29 26  9 29   524
   21 29 26  8 36  1094
   21 32 25  6 31   484
   20 29 30  6 37   675
   24 32 29  5 31   651
   23 30 28  6 36   622
   23 33 28  6  9   501
   21 29 35  5 35   678
   22 31 32  6  9   652
   22 29 33  6 35   476
   20 39 23  6 30   525
   20  9 29 17 18   764
   20 30 21  9 37   506
   20  1 13 23 29   522
   20  1 13 26 20   505
   20 26 26  9 36   519
   20 39 25  5  6   521
   20 31 28  6 32   520
   20 39 14 16 23   551
   20 24 27 12 34   528
   20 13 38  9 12   750
   20 18 37  9 27   592
   22  7 38  8 29   591
   20 39 36  0  9   649
   20 25 24 16 26   552
   21 17 28 14 32   598
   21 24 27 13 34   654
   20 15 30 14 25   634
   20 25 24 14 34   789
   20 17 28 17 20   565
   20 26 23  9 38   527
   21 27 16 12 38   701
   20 27 15 17 35   580
   20 39 15 18 28   579
   23 30 18 12 25   681
   20 27 26 12 20   593
   20 29 23 12 23   553
   20 31 21 12 16   487
   20 39 19 12 23   682
   20 28 16 14 37   563
   20  1 34 17  5   526
   20 32 28  2 38   817
   20 30 35  5 32   502
   21 30 32  6 31   588
   20 22 29 13 16   489
   20 16 31 15 16   581
   20 22 29 11 36   696
   20 27 24  4 39  1043
   20 23 12 22 32   705
   20 22 13 21 36   604
   20 15 38  7 38   605
   19 16 37 13 35   586
   21 15 35 11 37   631
   21  8 39 10  9   745
   20  4 35 14 21   719
   20  6 36 13 36   660
   19 22 12 22 37  1227
   19 29 30  8 36   744
   21 29 28  9 14   746
   20 28 32  8 22   645
   21 26 34  7 37   561
   21 27 32  9 11   801
   20 26 37  7 16   711
   21 29 38  6  9   930
   22 28 36  6 34   646
   20 31 39  5  8   922
   19  2 20 20 24   730
   22 11 14 22 27   733
   21 11 17 20 24   811
   20  2 20 26  5   854
   22  2 22 22  4   602
   21 14 19 26  5   735
   20 22 16 20 15   691
   19 13 33 13 38   687
   22 13 13 15 38   566
   21 21 27 12 38   880
   19 35 29  2 26  1004
   20 39 26  2 23   732
   20 34 24  6 27   573
   19 39 20  9 33  1063
   20 33 21 11 14  1030
   20 39 22  8 16   611
   19 12 32 17 11  1002
   19 24 34  9 36   618
   21 26 33  8 36   641
   20 25 28 11 34   554
   20 27 30  9 31   636
   21 27 27 12 25   620
   19  7 33  6 39   583
   19 39 19  9 37   612
   21 32 25  4 38  1095
   21 34 23  6 33   852
   20 32 28  4 36   813
   20 31 31  4 36   847
   19 13 35  3 39   541
   19 16 20 18 37   720
   20 11 14 20 37   810
   19 22 16 20 37   951
   21 16 18 20 25   532
   21 25 15 20 30   640
   20 10 19 19 37   663
   21  2 20 19 37   582
   21 19 17 20 37   637
   20 24 21 21  1   635
   19 34 27  2 35   545
   21 39 27  1 35   639
   20 39 25  2 33   714
   19  4 37 14 20   753
   19 30 36  5 35   694
   19 32 34  4 36   865
   21 31 35  5 32   568
   20 32 36  5 16   610
   19 33 35  4 13   877
   20 33 37  1 35   619
   21 39 35  0 25   615
   19 22 32 10 21   676
   19 17 37 11 35   823
   19  1 32 18 11   786
   19 14 19 24  7   621
   19 19 17 22 20   759
   20  6 20 22 15   606
   19 12 18 26 15   925
   21  6 20 26 14   653
   20 23 12 26 20   867
   21 20 13 23 33   623
   19 11 19 26 16   638
   19  6 19 22 24   626
   21 22 15 21 37   677
   20  2 18 21 34  1318
   20 21 18 21 28   630
   19 10 20 21 25   767
   19 34 26  5 17   650
   19 15 31 18 11  1151
   19 21 21 20  6   627
   19 29 34  6 37   766
   19 18 31 13 23   751
   19 17 33 13 36   594
   19 25 23 13 37   575
   19 10 13 28 15   603
   20  7 13 27 31   587
   21 22 12 26 35   891
   20 13 15 24 23   633
   20  7 14 27 32   576
   21 11 16 26 24   785
   20 10 17 26 24   763
   19  5 14 27 36   628
   19  0 14 24 37   907
   19 20 14 24 27   589
   19 27 14 20 30   772
   19 17 27 17 30   608
   19 28 26 12 23   684
   18 24 32 17 38   887
   22 25 25 17 33   577
   20  4 30 18 30   656
   20  1 34 18 21   775
   20  4 33 15 38   632
   23  1 34 18 27   683
   19 28 26 12 37   702
   22 26 21 16 38   671
   21 29 25 12 30   704
   20 29 27  9 37   669
   19 21 37 11 35   776
   20 23 37  8 35   773
   21 23 35 10 38  1044
   19  1 36 15 23  1432
   19 22 31 18  9   866
   19 31 20 12 30   609
   19 26 22 17 33   624
   20 26 25 17 19   629
   19 39 13 20 37   777
   19 24 36 10 21   774
   19 27 26 15  7   672
   20 31 19 14 11   562
   21 28 18 17 30   601
   19 27 19 16 38   578
   20 29 27  6 38   778
   20 28 26  9 38   697
   19 30 27  6 38   607
   19 29 24 10 38   668
   18 33 26 10 36   614
   22 33 25  7 37   737
   20 31 27  9 31   708
   20 34 26  4 32   755
   20 39 22  4 38   657
   20 32 20 10 38  1008
   20 34 24  6 36   698
   20 39 21 11 28   736
   20 39 23 10 10   717
   19 31 25 12 10   932
   19 33 28  3 36   815
   19 39 21 12 25   915
   18 21 39 10 36   679
   22 24 39  5 38   928
   21 18 39  8 37   806
   20 30 39  4 32   802
   20 25 39  6 36   848
   19 21 38 11 35  1493
   19 28 39  6 31   807
   21 30 39  5 35   729
   19 10 39 11 26   856
   18  9 26 20 24   721
   22 13 27 20  7   794
   21  8 31 20  0   796
   19 10 24 22 21  1228
   22 18 24 22  9  1023
   19 10 24 24 13   790
   21 10 25 23 17   716
   21 12 28 21  7   712
   21 11 29 23  1   868
   21 12 28 23  7  1003
   20  5 24 27  2  1005
   19  8 32 20  1   673
   18 21 24 19 37  1064
   21 20 23 21 22  1007
   19 18 24 22 21  1057
   19  8 25 19 31   664
   19  9 31 18 32   685
   19 26 24 18 19   709
   18  0 18 24 37   850
   20 21 18 21 37   723
   20  7 17 26 30  1253
   18 12 24 22 33   686
   20 20 21 21 35  1103
   18  7 36 15 29   642
   19  6 35 14 36   919
   18 39 24  3 36   849
   21 35 26  5 13   881
   18 15 33 16 33   740
   21 14 34 17 23  1018
   18 29 33  8 20   727
   19 28 37  7 22   707
   18 27 30 11 31  1067
   20 25 31 12 31   846
   19 26 28 12 37   805
   18 34 26  6 28   726
   18 39 23  7 33   952
   19 34 25  9 14   710
   18 13 26 23 14  1017
   18 15 26 20 24   738
   18 34 39  1 27  1230
   18 24 21  6 39   724
   18 35 26  6 12  1283
   18  5 17 27 20  1278
   18 23 38  8 37   918
   18 22 35 11 38  1254
   18 22 33 12 38   752
   18 30 29  6 38  1096
   19 29 34  6 38   787
   18 19 26 18 37   647
   18 31 37  3 36   688
   18 13 39  9 37  1229
   18 12 22 22 35   756
   18  7 13 29 36   706
   18 19 14 25 35  1277
   18 16 15 28 35   873
   19 18 16 26 34   938
   20 20 24 26  2  1467
   19  9 14 29 36   674
   19 17 24 24 13   761
   19 15 15 29 24   728
   18 17 19 27 16  1056
   20 20 18 29  5   758
   18 10 19 29 20   808
   20  8 16 29 35   824
   18 10 19 29 22   888
   19 10 17 28 35   739
   18 33 29  6 10   765
   18 20 32  6 39   762
   18 29 23  4 39   741
   18 35 28  2 31   748
   18 31 34  6 10   821
   18 39 18 17  8   788
   18 32 34  5 32   911
   17 25 20 32 37   769
   20 24 21 24 19   648
   20 39 13 32 25   725
   20 27 14 25 37   838
   19 12 24 23 31   768
   18 24 15 33 13   903
   18 20 21 23 36   699
   18 22 23 23 19   757
   18 23 23 19 33   779
   19 24 23 28  3  2082
   18 19 22 33  0   700
   18 23 24 20 24  2084
   17 24 35 10 39   889
   20 24 36 11 36  1334
   18 29 19  9 39   780
   17 20 27 22 35   980
   20 12 28 21 14  1735
   19 17 25 23 31   703
   18 12 28 19 21   899
   18 21 25 19 37   827
   18 22 25 25  3   722
   18 22 25 24 12  1072
   17 32 35  6 37   695
   20 31 31  6 38  1681
   19 26 38  7 37  1045
   19 32 37  3 36   667
   18 31 35  7 12  1085
   20 30 29  8 35  1047
   18 33 27  7 37  1076
   18 30 39  6 23  1046
   18 32 37  6 14   760
   18 32 39  3 33   680
   17 34 35  4 35  1335
   18 35 27  3 27   670
   18 34 38  3 11   781
   19 33 36  3 36   809
   18 33 35  4 37   921
   18 34 28  7  6   914
   17 29 38  8 36   935
   19 30 35  7 37   939
   17 39 26  5 32   940
   17 33 25 12 36  1189
   17 30 25 14 30   916
   20 31 21 15 19   956
   18 28 23 14 38  1011
   18 30 17 17 30  1032
   18 27 21 17 35   833
   19 29 21 17 24  1060
   17 24 36 12 37   923
   17  2 37 18 13   843
   18  2 36 17 26  1144
   19  6 37 16 19  1233
   18  3 36 16 30  1010
   17 13 39 18  9   814
   19 21 36 15  3  1354
   19 16 37 18  7   791
   18  9 38 14 14  1112
   18  1 39 13 21   920
   20  6 38 12 35   853
   18  6 38 14 24   855
   17 27 35  9 34  1006
   20 26 36 10 21   842
   17 34 23 11 36   812
   17 24 21 28 15   882
   19  8 23 28  9  1065
   17 22 23 26 35  1009
   20  6 24 25 32  1012
   18 13 27 25 12   828
   19  6 26 25 19   933
   18 13 27 23 28   931
   18 23 23 26 33  1238
   18  3 22 27 27   841
   18 24 23 26 22   829
   17  5 22 32 15   818
   19 24 23 29  9   845
   18  3 22 29 27   851
   18  3 22 31 23  1123
   18 20 22 30 15  1104
   17 32 29  7 37   844
   17  6 35 13 38   874
   17 25 27 17 33   839
   18 28 26 14 33  1025
   18 25 29 15 33   870
   17 28 28 14 19   941
   17  9 37 14 34  1124
   17 13 37 17 17   858
   17 21 36 14 35  1183
   20 21 33 17 27   803
   19 18 37 18  7   883
   17 26 29 15 31  1026
   17  6 37 17 26  1697
   17  7 37 15 34   782
   18  3 37 16 33  1097
   17 33 37  5 10   871
   17 33 35  6  5   885
   17 28 21  9 39   884
   17 33 27  8 24  1284
   17 13 37 17 23  1128
   17 39 16 19 13   970
   18 27 16 21 35  1000
   17 26 18 32 21   836
   17 32 31  4 38  1231
   17 17 36 17 19   835
   17 22 39  6 38   872
   17 30 25 15 15   934
   17 20 27 25 10   875
   18 22 26 26  4   998
   17  9 29 27  3   834
   17  6 28 25 17  1255
   17 13 27 25 24   869
   17 39 19 12 38   831
   17 31 39  6 18   936
   17 26 19 22 35  1019
   17 31 27 10 33   742
   17 30 30 10 33  1248
   17 32 31  8 36   946
   19 33 28 10  7  1298
   18 31 28 12  7  1152
   18 32 33  7 36  1196
   17 29 33  9 33  1163
   18 29 33 10 24   963
   17 31 32  9 12  1361
   17 31 29  8 37   910
   17 33 27 10 25  1161
   17 34 27  9 12  1468
   17 31 29  9 33  1556
   18 32 28 10 33  1558
   17 30 28 11 31   822
   18 31 28 12 15   908
   17 33 26 12 19  1327
   17 33 24  2 39   945
   17 33 38  1 38   878
   17 26 26 17 33   859
   17 26 25 18 33   820
   18 23 25 21 25   984
   17 23 31 18 32  1315
   18 22 30 18 36  1540
   17 12 32 25 22   909
   20 14 32 26  2  1308
   19 12 29 21 27   837
   20 12 28 21 32  1696
   19 12 30 20 27   893
   18 10 34 20 17  1328
   19 12 33 20 22  1874
   19  4 35 19  6   981
   18 12 31 23 26   992
   18  7 33 22 15   861
   18  4 32 27  4   890
   18 12 33 19 25   840
   17 11 36 18 21  1341
   17 16 32 18 35   990
   17 24 29 21  0   982
   17 21 29 19 28   863
   19 19 29 25  8  1736
   19 17 30 19 28   894
   18 24 26 20 18   895
   17 12 30 21 32   770
   17 13 35 19 14   892
   17 13 38 20  0   857
   19 10 36 20  4  2083
   17 18 30 19 32   900
   18 19 31 24  4  1073
   18 21 31 20 10   825
   17  6 36 22  2   901
   17  4 34 22 15  1071
   17  6 34 23 11  1083
   20 13 36 24  1   898
   17 13 35 25  1   830
   18  4 33 28  0   832
   17 34 35  5  7   897
   17 27 29 14 28   860
   17 29 16 19 30  1690
   17 35 30  2 26  1683
   17 36 30  1 35  1682
   17 35 30  2 35  1077
   17  3 36 17 29  1434
   17 21 33 17 33  1433
   16 37 33  4 25   862
   22 35 35  4 19   826
   21 39 27  5 27   816
   20 36 33  2 32  1048
   19 35 28  7  8  1050
   19 37 34  3 14  1126
   19 35 37  2 24   913
   18 39 35  1 22  1234
   17 38 35  2  7  1039
   18 39 38  2  3  1028
   17 39 32  2 20   937
   16 22 14 34 30  1494
   17 16 13 35 14   972
   17 39  0 35 16  1029
   16 20 25 21 38   943
   19 26 19 20 38  1027
   19 13 30 18 38  1376
   17 21 23 25 37   954
   17 15 27 22 37  1490
   18  6 24 25 37  1232
   17 26 18 29 37   955
   16 13 37 20 30  1375
   20 13 32 21 31   971
   19 12 32 22 29   948
   18 12 31 22 32  1242
   17 21 36 17 29  1496
   19 17 37 16 32  1919
   17 13 36 23  8  1013
   17 13 37 21  8  1020
   16 34 35  6 35  1001
   18 34 28  7 35  1218
   19 34 26  9 26  1180
   18 33 35  6 37  1121
   17 35 28  6 25  1114
   17 35 34  6  6   973
   19 36 33  5 13  2121
   18 36 33  6  2  1021
   17 35 26  6 31  1031
   17 36 29  5 27  1484
   17 36 28  4 32  1068
   17 39 27  4 32   949
   17 34 29  7 35   961
   18 34 31  7 22  1279
   17 35 32  7  8  1069
   19 35 30  6 27  1022
   17 34 26  8 36  1876
   17 35 28  3 36  1092
   16 16 37 12 38   917
   16 22 36  6 39  1130
   17 24 37  4 39  1109
   16 13 39 12 36  1106
   17 13 39 11 37  1107
   16 23 39 12 35  1139
   21 25 39  9 35  1237
   20 18 39 17  9  1478
   19 21 37 16 30  1479
   18 21 39 17  9  1059
   17 28 39  8 31  1373
   17 21 38 14 24  1274
   17 28 39  7 37  1053
   17 21 37 18 11  1217
   16 20 37 20  9  1219
   19 16 35 19 22  1113
   18 18 31 20 32  1108
   17 19 32 24  8  1014
   17 14 32 22 31  1110
   17 14 32 25 22   966
   17 16 28 23 32  1024
   17 14 31 23 32  1129
   17 17 35 23  8  1105
   16 15 27 26 24  1280
   18  9 29 27  8   879
   17 16 24 26 35   969
   17 13 27 24 30  1235
   16 14 32 26 22  1425
   16 24 19 33 30  1483
   17 22 15 34 26  1184
   16 39 26  6 27  1058
   16 13 30 26 27  1016
   16 13 27 25 36  1040
   17 13 25 26 36   950
   16 20 28 20 37  1066
   18 18 31 19 33  1101
   18 20 28 22 35  1099
   16  6 36 19 33  1117
   17  1 37 19 33  1220
   16 20 27 25 32  1495
   18 22 26 25 25   929
   17 19 28 24 33  1267
   17 14 30 26 28  1270
   16  1 25 22 38  1239
   16 29 37  9 16  1256
   17 29 35  9 32   967
   16 24 33 15 38  1519
   16 19 29 25 31  1286
   16 16 38 18 14  1712
   16 16 39 18 13  1291
   16 14 33 26  9  1667
   17 14 34 25  6   999
   16  6 32 20 34  1288
   16 18 31 23 33  1287
   16 14 37 25  0  1265
   16  6 28 30  0   927
   18  7 23 32  9  1285
   16 30 33  8 36  1156
   16 31 32  9 24  1015
   17 32 30  9 21  1290
   16 31 31  9 36   876
   17 28 35  9 37   912
   16 26 32 17 37  1090
   20 28 33 11 29  1535
   18 26 31 18 21   864
   17 29 32 11 31  1158
   17 30 30 12 19  1236
   17 27 30 14 33   944
   17 24 29 19 17  1262
   16 26 28 19 21  1536
   17 25 23 20 33  1061
   17 27 20 25  5   964
   17 27 18 20 38   976
   18 27 22 19 22   997
   16 25 37 12 36   996
   18 26 37 12 18   953
   16 26 20 32 37  1330
   16 28 32  9 38  1261
   16 26 23 26 13  1299
   16 27 37 12 10  1257
   16 30 35  6 38  1160
   16 28 29 14 31  1159
   17 28 27 14 37  1331
   16 30 30 12 33  1034
   16 27 32 14 34  1155
   17 29 31 12 33   924
   16 26 23 24 24  1197
   16 18 27 26 31  1319
   16 20 34 22  9   959
   16  3 27 32  0  1382
   16 25 24 33  0  1557
   16 25 23 31  6  1776
   17 13 24 31  6  1170
   16  8 32 18 38   947
   16  2 36 18 36  1310
   18 20 37 16 34  1149
   17 20 37 16 35  1199
   16  6 36 15 37  1100
   16 15 37 21 11  1098
   16 21 25 28  8  1035
   16  4 33 28  5  1307
   18  3 33 29  2  1875
   16 19 30 25 28  1309
   16 34 28  3 37  1329
   16 35 24  2 38  1173
   17 39 24  4 37  1153
   16 32 30 12  4   983
   16 27 34 16  0  1133
   18 26 33 15 34  1583
   17 27 35 12 28   902
   16 27 36 10 35   906
   17 28 37  9 36  1306
   16 30 26 12 37   968
   16 33 37  6 14   991
   16 13 25 31  6   978
   16 22 24 34  0  1154
   16 21 31 19 30  1541
   16 30 35  8 25  1332
   16 34 26 11 20  1542
   16  0 38 18 17   977
   16  4 29 29  6  1316
   16 30 24 12 38   986
   16 39 25  3 36   989
   16 16 34 19 31  1338
   16 31 39  6 23   985
   16 23 28 20 25  1685
   16 31 23 15 18   975
   16 22 15 35  7  1684
   16 19 27 35  0  1336
   17 16 18 35  8   942
   17 13 17 34 30  1147
   17 16 18 35 14   965
   17 22 18 34 26   979
   16 16 29 29  4   886
   16 21 26 29  8  2085
   16 14 36 26  0   994
   16  3 34 29  2   905
   16 14 34 27  5   993
   15 21 34 32 31   960
   20  4 27 29 33   987
   19 10 25 32 33   958
   19 22 29 30 11   957
   19 20 35 21 21   995
   18 22 33 21 13  1356
   17  7 27 33 19  1435
   18  7 23 33 30   926
   17  3 26 34 11  1086
   17 20 32 24 32   988
   17 25 23 28 25  1082
   17 14 37 21 20   896
   18 13 36 22 17  1033
   17 22 30 32 11  1078
   16 13 36 23 19  1441
   16 18 22 32 36  1087
   17 10 25 29 35  1074
   16 26 31 19 17  1036
   16 22 21 33 30  1038
   16 18 23 31 36  1348
   16 21 31 20 34  1084
   15 21 34 14 39  1075
   18 25 21 14 39  1303
   16 21 35 13 39  1347
   16 19 36 15 37  1080
   16 24 31 13 39  1079
   15 23 39 17 33  1037
   19 15 39 18 26  1358
   19 21 36 18 35  1049
   18 23 38 17 34  1054
   17 22 38 17 35  1701
   17 26 36 16  3   962
   16 21 34 19 34   974
   16 20 36 20 27  1312
   16 24 33 21  5  1193
   17 26 32 18 33  1729
   17 25 28 20 25   904
   16 27 38 16  0  1346
   16 23 36 18 24  1081
   17 23 34 21 13  1436
   16 25 30 20 25  1509
   17 22 29 29 25  1359
   16 23 34 21 27  1510
   16 25 28 19 33  1051
   17 22 29 30 28  1514
   16 22 34 26 18  1207
   16 18 37 20 26  1131
   15 17 37 26 23  1182
   17 15 35 28 18  1177
   16 17 36 23 26  1224
   15 17 34 20 38  1208
   19 22 34 18 38  1188
   19 21 32 20 38  1143
   17 13 37 20 32  1140
   17 19 36 17 37  1578
   16 21 34 21 35  1185
   15 17 31 31 36  1125
   19 21 31 28 34  1181
   18 22 25 29 36  1497
   17 24 23 22 37  1604
   17 23 27 21 37  1773
   17 23 32 21 36  1202
   17 23 32 20 38  1120
   16 23 28 26 34  1119
   17 24 34 23  3  1915
   17 23 29 28 29  1240
   16 18 25 26 37  1062
   16 16 27 22 38  1448
   16 16 33 27 32  1091
   16 24 33 18 38  1115
   16 26 33 16 38  1138
   16 24 37 17 17  1225
   18 25 39 15  9  1223
   17 26 35 18  9  1142
   16 25 25 31  5  1384
   16 25 30 20 34  1111
   15 38 39  2 35  1186
   17 35 35  4 26  1463
   16 34 39  3 33  1293
   15 29 33 14 32  1221
   17 30 25 14 34  1294
   17 29 16 19 36  1211
   18 30 20 15 38  1088
   17 29 19 17 38  1136
   17 28 34 12 33  1486
   16 31 22 13 38  1137
   17 39 20 13 36  1520
   16 33 23 13 36  1275
   15 30 30 14 38  1241
   18 29 33 14 36  1245
   17 31 28 14 15  1292
   15 27 31 18 38  1175
   20 27 31 19 15  1141
   17 27 35 18  9  1272
   16 29 33 15  4  1216
   16 31 28 15 15  1135
   16 27 23 25  9  1190
   16 27 37 15 10  1759
   16 26 34 18 22  1250
   16 27 34 13 37  1055
   15 31 24 19 36  1127
   18 28 25 19 29  1122
   18 31 22 17 38  1176
   17 29 21 22 10  1498
   17 26 30 19 34  1259
   17 27 23 20 38  1102
   17 31 26 14 36  1916
   16 39 21 17 33  1187
   19 33 26 14 13  1222
   19 39 19 19 36  1708
   17 32 23 17 34  1204
   16 31 31 11 32  1246
   17 31 29 13 29  1258
   16 30 32 14 19  1281
   16 30 27 15 38  1249
   18 32 25 15 36  1488
   16 32 31 10 29  1752
   16 32 27 13 29  1052
   16 32 25 19  2  1215
   15 39 26  7 33  1244
   17 39 27  3 36  1469
   17 36 27  3 37  1203
   17 35 30  7 25  1714
   16 36 35  7  0  1411
   16 36 35  6  3  1453
   15 18 36 13 39  1271
   15 18 33 26 36  1089
   15  7 37 28 18  1487
   18  7 37 29  5  1450
   15 33 37  6 35  1485
   17 33 39  4 33  1713
   15 38 35  4  5  1213
   17 38 34  3  8  1289
   17 39 29  4 19  1410
   15 27 20 27 37  1268
   18 27 17 32 37  1449
   16 39 14 29 34  1264
   16 27 23 26 22  1426
   16 29 21 21 27  1093
   15 28 19 26 34  1480
   16 29 17 29 18  1116
   15  3 26 35 11  1473
   15 27 24 12 39  1251
   15 39 23 11 27  1134
   15 15 38 21  4  1295
   15 13 38 29  2  1260
   15 14 37 28 21  1470
   17 15 35 27 25  1579
   15 15 35 25 31  1297
   17  8 36 24 29  1532
   17  6 36 28 25  1179
   15 23 33 32  3  1178
   15 29 31 15 36  1300
   15 31 21 20 36  1269
   16 30 21 24 11  1266
   16 30 18 21 37  1301
   17 28 25 19 37  1585
   15 24 37 13 37  1162
   16 14 38 15 36  1702
   15 16 33 28 35  1164
   15 35 28  5 36  1174
   16 36 28  5 35  1166
   16 35 28  7 33  1157
   15 34 27 11 23  1559
   15 33 39  4 37  1243
   15 39 30  4 19  1150
   15  1 35 20 36  1296
   15 22 28 31 32  1324
   15  1 36 20 35  1584
   15 35 32  7 12  1322
   15 31 32 14  8  1363
   15 28 32 15 38  1538
   15 39 27  5 36  1172
   15 20 33 25 36  1325
   15 32 30  9 36  1195
   15 22 38 18 24  1198
   15 29 24  8 39  1167
   15 28 39  9 11  1323
   15 27 38 15 10  1263
   15 30 23 28  0  1570
   15 36 33  5 20  1561
   15 39 35  1 35  1169
   15 23 31 24 29  1165
   15 23 34 22 32  1549
   16 23 30 27 34  1591
   16 22 32 31 22  1366
   15 35 34  5 27  1364
   15 26 37 15 18  1891
   15 26 37 13 36  1503
   15 31 35  7 37  1718
   15 31 35  9 32  1552
   16 30 32 14 32  1320
   16 31 34  9 35  1132
   15 30 38  9 11  2305
   15 31 36  9 11  1748
   15 39 28  3 32  1381
   15 24 34 20 17  1567
   15 24 35 20  8  1380
   15 22 36 26 17  1209
   17 20 36 25 26  1200
   16 23 36 25 10  1340
   15 19 37 26 14  1560
   15 23 32 30 11  1171
   15 25 39 17  9  1589
   15 34 24 17  1  1562
   14 36 38  7 36  1339
   20 37 34  3 32  1417
   18 37 38  3 27  1896
   18 37 37  4 17  1145
   17 33 39  6 29  1581
   17 39 27  6 14  1168
   16 36 39  6 27  1205
   16 39 36  3  3  1582
   16 32 35  8  6  1784
   15 39 24  8 36  1311
   17 35 27 10  4  1214
   16 39 23 11 36  1505
   15 39 28  4 36  1877
   15 35 30  3 37  1321
   15 36 39  0 38  1543
   15 35 28 10  4  2086
   14 23 39 24 26  1964
   16 13 38 25 19  1148
   16 23 35 24 30  1337
   16 22 37 26 21  1146
   15 13 38 21 31  2087
   15 22 32 28 34  1455
   16 22 33 25 36  1418
   14 30 39 15 36  1212
   16 31 33 15  7  1344
   15 30 35 12 37  1343
   15 31 36  9 29  1194
   15 31 29 15 29  1342
   15 21 37 17 36  1439
   15 19 37 16 37  1737
   15 18 39 15 37  1313
   15  8 38 12 38  1545
   16 15 39  8 38  2088
   15 30 34 15 37  1201
   15 31 35 15  1  1206
   14 25 26 27 38  1573
   19 24 30 23 36  1191
   18 27 23 24 38  1070
   16 22 24 29 37  1972
   16 24 33 22 24  1304
   15 18 25 31 37  1192
   15 24 30 27 34  1388
   16 24 30 30  8  1686
   15 24 34 30  1  2290
   15 25 30 20 38  1387
   15 24 33 25 14  1724
   14 24 17 35 35  1350
   17 15 22 33 35  1349
   17 15 26 34 11  2330
   16 24 18 35 28  1437
   15  9 26 35 12  1041
   14 16 38 31 16  1517
   17 20 36 31  6  2008
   17 13 35 32 16  1362
   16 22 38 26 17  2089
   16 16 38 28 19  1333
   16 22 36 27 17  1442
   16 21 35 30 17  1687
   15 18 35 30 24  1210
   17  6 37 29 22  1118
   15 16 36 31 19  1611
   14 15 32 34 31  2321
   19  9 29 35 10  1438
   17  5 32 35  6  2329
   17 22 21 34 32  1812
   17 10 26 34 33  1392
   16  9 23 35 28  1394
   16 20 34 33  0  1367
   15 10 30 34 32  1617
   15 25 19 34 32  1769
   14 28 32 15 39  2133
   15 29 26 14 39  1602
   16 29 30 11 39  1767
   15 31 21 10 39  1353
   16 31 24  7 39  1462
   15 30 29  3 39  1627
   14 24 18 36 20  1481
   14 37 33  6 35  1499
   17 39 27  7 36  1716
   17 39 31  6  4  1451
   15 38 35  6  0  1371
   15 37 34  4 35  1372
   14 39 35  4 33  1522
   17 39 36  4 12  1770
   15 38 36  3 30  1374
   14 39 31  6 31  1370
   16 38 33  6 17  1385
   14 16 39 29 12  1491
   17 22 39 27  8  1774
   16 16 39 30  3  1628
   15 20 39 28 11  1282
   15 14 39 31  3  1276
   14 32 35  9 36  1273
   15 31 32  9 38  1471
   15 33 26  9 37  1638
   15 33 22 11 38  1352
   15 39 21 14 38  1715
   15 31 24 17 38  1489
   15 30 33 11 38  1351
   15 28 34 12 38  1461
   15 25 34 17 38  1460
   16 24 38 17 32  1606
   15 26 37 17 32  1427
   15 25 36 18 32  1709
   17 24 39 20  9  1399
   17 25 39 18 22  1768
   15 24 34 19 35  1521
   16 27 31 19 32  1917
   14 31 28 19 33  1814
   18 29 37 18  0  1247
   17 30 34 18  2  1226
   17 31 26 17 38  1459
   16 31 28 15 38  1600
   15 32 29 13 34  1757
   16 33 26 12 37  1642
   15 28 31 18 37  1644
   15 33 26 16  8  1393
   14 28 31 19 38  1452
   16 28 34 19  5  1424
   15 30 33 19  1  1599
   15 30 29 19 22  1401
   16 29 31 16 36  1408
   15 30 32 18  8  1428
   15 29 30 19 28  1377
   14 31 26 21 37  1409
   18 27 25 25 21  1252
   17 28 25 22 38  1472
   18 27 26 24 36  1476
   16 26 30 20 34  1537
   16 30 28 20 19  1422
   16 28 27 21 38  1474
   16 30 31 21  2  1423
   15 39 19 21 38  1383
   15 32 23 21 34  1500
   14 31 20 25 34  1665
   15 39 16 27 37  1475
   16 30 20 24 38  1531
   15 31 21 24 30  1534
   14 29 25 25 36  2122
   16 28 24 26 36  1429
   14 21 23 28 38  1938
   14 34 24 13 35  1414
   16 34 26 11 36  1413
   14 35 39  3 37  1533
   15 35 34  4 37  1360
   14  6 33 31 35  1368
   14 16 34 29 35  1317
   16  6 34 30 35  1404
   16 24 34 22 35  1365
   14 25 38 20 25  1586
   16 30 33 20  3  1546
   16 30 38 16  6  1397
   17 29 35 17 12  1530
   16 26 39 19  4  1592
   16 25 32 21 36  1782
   15 28 28 21 37  1403
   15 29 32 19 12  1402
   15 30 34 18  9  1502
   16 30 31 17 27  1554
   14 29 34 17 33  1593
   16 28 36 16 34  1378
   15 28 35 18 23  1587
   15 29 30 19 36  1305
   15 29 33 17 37  1594
   14 31 38  8 36  1699
   14 32 30 13 33  1405
   15 31 32 16  9  1804
   14 24 38 20 29  1506
   15 22 37 19 32  1551
   15 21 38 21 31  1314
   14 22 37 24 30  1698
   15  6 36 25 31  1553
   14 22 36 22 34  1529
   16  9 37 24 32  1550
   14 21 37 20 36  1464
   15 19 37 18 37  1588
   14 18 36 20 37  1456
   14 39 39  2 21  1419
   14 18 38 24 29  1504
   14 36 27  8  8  1379
   16 39 27 10  1  1568
   14 18 34 26 36  1528
   14  6 36 32 11  1326
   14 35 26  8 30  1458
   14 17 28 33 33  1524
   14 15 33 33 17  1396
   15  5 33 35  4  1597
   14 31 32 14 21  1688
   14 31 35 11 37  1415
   15 31 36 13 11  1416
   14 33 27  8 37  1465
   14 39 23 12 30  1420
   14 15 34 33  9  1457
   14 16 34 32 32  1620
   14 18 22 34 35  1564
   14 23 19 35 35  1743
   15  9 24 35 30  2091
   15 17 19 36 20  1740
   14 30 38  3 38  1544
   14 26 34  8 39  1965
   14 23 39 27  8  1400
   14 24 34 23 35  1973
   14 23 34 25 32  1526
   14 24 33 25 33  2001
   14 21 38 17 36  1525
   14 30 24 14 39  1547
   14 19 31 35  1  1741
   15 18 32 34 10  1976
   14 17 34 33 25  1355
   14 31 34 18  1  2090
   14 22 30 31 33  1390
   15 22 25 31 37  1738
   14 22 22 34 35  1430
   15 22 25 33 33  1389
   14 30 28 19 37  2513
   14 25 39 20 22  1386
   14 32 33 10 21  1446
   14 30 37 18  3  1444
   14 31 20 32  0  1395
   14 25 34 20 35  1575
   14 32 28 13 37  1412
   14 37 39  3 30  1727
   14 39 30  4 35  1406
   14 36 33  1 38  1730
   14 34 39  7 27  1726
   14 31 39 10 29  1445
   14 32 38  9 36  1512
   14 32 39  8 33  1357
   14 35 39  6 33  1511
   14 31 39 15  1  1515
   14 31 36 15 10  1302
   14 31 37 11 36  1566
   14 25 23 30 16  1563
   14 23 28 32 29  1527
   15 25 26 31 21  1739
   14 25 24 31 37  1369
   17 23 30 31 34  2291
   14 30 29 18 38  1440
   14 30 31 19 36  1345
   14 30 33 18 23  1398
   14 21 37 22 34  1725
   14 37 34  5 35  1731
   15 39 34  6  2  1421
   14 21 33 15 39  1443
   14 34 25 12 35  1391
   14 39 25  8 27  2137
   14 34 27 11 26  1673
   14 39 26  8 19  1407
   14  6 37 32  5  2009
   13 35 38 12 35  1921
   19 34 34 11 36  1956
   18 35 39  8 27  1576
   18 35 32 13  4  1613
   17 31 39 15 12  1679
   17 31 35 13 36  1722
   16 35 34  9 36  1704
   16 39 24 13 33  1943
   15 31 34 16 16  1750
   14 39 25  9 37  2123
   18 35 28  9 37  1959
   14 34 38  6 37  1894
   14 39 26 14  0  1957
   14 31 38 13 36  1893
   14 31 36 14 36  1492
   13 28 32 21 39  1616
   18 30 32 20 21  1623
   18 21 33 17 39  1944
   15 30 31 20 36  1577
   15 30 19 21 39  1624
   13 22 20 37 34  1955
   17 39  8 36 35  1482
   16 26 13 37 32  1518
   14 19 22 35 35  1942
   14 10 26 35 29  1615
   14 24 25 36  0  1815
   14 24 19 37 34  1639
   14 22 27 35  5  1935
   16 21 29 33 32  1771
   15 20 32 34 13  1755
   14 23 29 33 23  1625
   13 17 33 33 37  1612
   17 23 27 25 38  1607
   16 23 25 33 37  1758
   16 22 32 27 37  1609
   15 18 34 24 37  1753
   15 10 30 34 34  1703
   14 27 29 22 37  1637
   16 29 30 22 13  1880
   14 22 30 30 36  1749
   14 20 33 33 31  1720
   14 30 29 23  0  1924
   14 10 24 35 35  1760
   13 36 37  9 35  1884
   16 36 32 13  0  1918
   15 39 27  9 30  1571
   15 36 34 11  3  1674
   15 36 32 13  3  1923
   14 36 32 11 28  1605
   17 39 25 12 31  1671
   15 36 33 12  5  1635
   15 39 27 11 26  1762
   14 36 38 10  3  1754
   14 36 26 12 28  1764
   13 33 34 15 37  1643
   19 33 28 16 28  1707
   18 32 34 17  6  1719
   16 32 35 15 24  1641
   15 34 23 15 35  1903
   15 39 22 17 22  1603
   15 32 28 17 28  1601
   15 33 28 16 33  1626
   14 32 28 19 31  1929
   15 32 27 20 20  2433
   14 31 30 19 29  1664
   14 39 25 14 19  1940
   14 34 26 15 25  1710
   13 24 38  8 39  1633
   16 29 38  7 38  1761
   14 19 37 10 39  1447
   14 12 39  2 39  1631
   13 21 39 20 36  1477
   16 21 38 22 34  1507
   14 18 39 17 37  1706
   14 21 39 21 34  1832
   14 17 38 23 32  1705
   13 17 37 29 34  1833
   15 21 38 23 34  1904
   14 18 36 26 36  1634
   16 19 35 23 37  1632
   14 20 37 27 32  2061
   14 23 35 23 36  2058
   14 21 38 22 35  1807
   13 16 37 21 38  1881
   14 21 39 21 36  1598
   13 15 35 32 34  1663
   13 15 35 34 29  1666
   15  6 36 33  8  1466
   15 20 36 33  4  1889
   15  5 35 35  2  1650
   15 14 39 32  0  1580
   14 17 36 32 14  1646
   13 14 37 32 25  1888
   16 10 38 30 19  2226
   15 16 36 32 27  1817
   13 26 26 30 36  2147
   17 28 25 30  7  1630
   14 27 22 27 38  2124
   14 27 26 25 38  1777
   14 29 23 33  1  1778
   13 26 39 20 22  1883
   14 27 37 18 21  1890
   15 28 38 16 34  1988
   13 32 38 12 37  1717
   16 30 39 13 37  2044
   13 19 39 26 20  1781
   13 19 33 21 39  2049
   13 34 24 10 38  1548
   14 33 24 15 38  1501
   14 32 26 15 38  2046
   14 39 24  4 38  1882
   14 39 25  3 38  1887
   14 34 25 10 38  1939
   13 39 32  6 29  1779
   13 39 35  3 35  1569
   13 19 38 21 37  1892
   13 10 27 35 35  2060
   13 30 34 17 37  1590
   13 27 35 20 23  2436
   13  6 39 12 38  1636
   13  5  5 37 35  1805
   13 34 30 13 32  2235
   13 35 32 13 21  1645
   13 30 26 22 37  1668
   15 30 24 25 26  1721
   14 30 25 23 36  2045
   13 29 37 15 37  1669
   14 24 36 15 38  1670
   13 24 30 30 28  1648
   13 23 39 29  3  1629
   13  1 39 25 25  1454
   13 10 37 33  6  1565
   15  0 38 35  0  1649
   13 20 32 34 27  1886
   15 21 26 35 31  1878
   14 17 29 35 15  1555
   13 21 28 33 37  1539
   14 26 26 31 37  1744
   13 30 34 12 38  1618
   13 35 34  7 37  2094
   13 39 24 16 16  1640
   13 23 36 32  3  1619
   13 39 35  5  9  2101
   13 39 36  6  2  1694
   13 39 18 26 34  1661
   13 21 27 35 32  1662
   13 39 33  0 38  1595
   13 23 34 27 24  1693
   13 31 24 12 39  1879
   13 31 27  5 39  1656
   13 35 26 15 19  1660
   13 24 23 35  9  1885
   14 24 25 33 34  2092
   14 24 29 33 16  1862
   13 36 39 10  1  2175
   13 33 39  9 32  1789
   14 35 39 12  3  1963
   13 33 39 11 21  1651
   13 24 33 26 33  1742
   13 36 36  8 36  1596
   13 31 38 15 24  2022
   13 20 39 10 38  1647
   13 19 38 27 22  1523
   13 33 29 16 26  1908
   13 32 24  4 39  1657
   13  1 34 15 39  1658
   13 26 26 32 23  1788
   13 22 36 26 32  1621
   13 22 35 26 36  1861
   13 19 36 24 37  1572
   13 35 37  6 37  1792
   13 38 35  4 35  1675
   13 31 23 24 26  1746
   13 36 38  9 20  1677
   13 35 28  2 38  2103
   13 38 33  6 24  1691
   13 18 33 32 37  1655
   13 22 32 31 37  1614
   13 21 35 29 34  2461
   13 32 22 21 37  2106
   14 39 21 18 36  1574
   14 33 28 16 37  1659
   14 32 25 18 38  1836
   13 30 36  8 38  2350
   13 39 26  6 37  2349
   13 31 34 16 24  1733
   13 27 33 21 23  2077
   13 28 24 27 25  1610
   13 28 22 29 19  2096
   13 27 37 19 14  1728
   13 20 33 35  4  1654
   13 37 35  6  6  1996
   14 39 35  6  4  1431
   12 30 39 30 37  1732
   18 31 22 30 27  1952
   17 29 18 32 35  2139
   17 13 38 31 27  1508
   16 31 25 28 15  1946
   14 31 25 32  7  1672
   14 31 38 16 24  2322
   14 19 34 32 37  1652
   14 24 37 18 38  2012
   14 28 33 21 38  2481
   14 27 27 33  5  1860
   14 20 37 33  4  1622
   14 31 39 17  6  1790
   14 31 23 28 34  1791
   14 29 17 33 35  1676
   14 26 22 33 33  1689
   14 25 29 33 16  1745
   14 27 27 33 22  1678
   16 29 25 33 17  1692
   14 29 27 31 24  2093
   14 14 39 32  4  2163
   14 14 38 33  4  1951
   13 30 29 24 38  1653
   16 30 32 21 38  1950
   13 13 39 31 19  1516
   13 31 36 17 24  2142
   13 28 28 25 38  2138
   13 31 39 17 17  2332
   13 23 32 31 37  1513
   13 25 32 33 10  1872
   14 22 33 35  4  1608
   14 24 29 34 11  1932
   13 23 33 21 39  1845
   13 25 36 13 39  1810
   13 31 37 18  7  1800
   14 32 35 18  2  1799
   13 39 17 33 32  1796
   13 39 18 32 32  2154
   13 31 19 26 38  1811
   13 24 25 34 29  1920
   13 25 29 34 16  1897
   12 19 32 39 31  2126
   16 13 30 37 32  1772
   16 21 23 38 25  1765
   15 21 23 37 34  1766
   14 21 21 38 34  1934
   17 11  4 38 35  1961
   13 12 35 37  2  1763
   14  0 37 36  0  2170
   13 21 29 38 27  1711
   14 21 33 37  4  1970
   14 20 35 37  1  1960
   13 20 35 34 11  1931
   13 39 11 39 29  1756
   13 24 27 38  4  1958
   13 24 25 38 28  2128
   14 23 24 38 33  1856
   13 24 27 36 22  1933
   13 17 35 34 29  1786
   13  0 37 37  0  1849
   13 19 31 37 32  2192
   13 15 35 34 32  1795
   14 17 35 33 34  1842
   13 22 32 38  5  1785
   12 23 28 33 38  1813
   15 26 28 30 38  1870
   14 29 19 31 38  1925
   14 23 28 37 27  1841
   12 24 22 37 37  1825
   14 17  8 34 38  1816
   14 11 27 35 36  1922
   14 16 25 35 37  1858
   12 38 35  7 28  1751
   14 37 33  7 32  1700
   13 39 29  7 34  2054
   13 38 35  5 31  1857
   12 37 34 11 28  1936
   14 39 30  9  1  1848
   14 39 29 11 27  1847
   14 37 30  9 30  2203
   13 37 36 10  0  2127
   12 18 37 34 25  1901
   14 16 36 34 28  1905
   14  3 39 31 28  1827
   14 14 38 34  4  1821
   13 17 37 31 36  2131
   14 13 38 31 33  1809
   13 17 35 33 36  1831
   13 16 36 33 30  2129
   12 32 26 28 34  1912
   14 32 27 23 33  1928
   16 31 29 28  4  1930
   15 32 29 20 26  2205
   13 31 31 28  0  1927
   13 32 20 30 27  1808
   13 32 26 21 37  1838
   12 23 36 18 39  2057
   13 17 34 21 39  1747
   12 32 36 12 38  2125
   16 34 38  2 38  2069
   15 32 33 15 38  1913
   13 31 39  5 38  1902
   12 33 35  9 38  2056
   15 33 31 15 38  2052
   13 34 38  3 38  1906
   12 33 26  9 39  1775
   13 33 27  4 39  1846
   13 30 27 14 39  2307
   12 39 33  9  4  2055
   13 38 33  8  8  1780
   13 39 34  9  0  1987
   12 24 38 18 38  2231
   13 29 39  9 38  2287
   12 31 18 36 26  2257
   13 27 21 35 30  1866
   14 27 27 34 16  1798
   13 39 16 38 17  1869
   12 34 25  8 39  1868
   13 39 24  4 39  1867
   12 34 32 14 23  2158
   13 35 32 14 11  1899
   13 34 32 15  5  2159
   13 34 34 13 23  1695
   14 36 34 13  4  2047
   12 35 26  8 38  2051
   12 39 39  3 11  2236
   12 35 26 15 32  2026
   12 39 24 17 31  1806
   15 33 25 17 38  1985
   13 35 25 16 31  1803
   12 39 35  6 11  1980
   12 37 33 14  0  1895
   12 38 37  9  0  2306
   12 37 37  4 35  1818
   12 37 37  7 26  1797
   16 38 36  7 15  1863
   15 39 36  6 12  1911
   12 37 37  6 35  2237
   12 38 39  5  8  1852
   14 37 39  7  4  1828
   13 39 38  6  0  2176
   13 38 38  9  0  2238
   12 34 33 14 32  1829
   12 20 36 34 22  2109
   12 37 36  3 36  1966
   12 36 35 11 27  2416
   12 36 39 10  9  1865
   12 35 39 12 17  1898
   12 31 36 18 23  1907
   14 32 31 18 15  1840
   12 35 38  2 38  1974
   12 31 26 16 39  1900
   13 32 20 18 39  2210
   13 29 27 21 39  2025
   12 38 39  7  4  1967
   13 38 39  6  7  1859
   12 35 28 11 37  1844
   13 39 23 13 38  1968
   12 31 26 24 37  2099
   12 21 36 31 29  2104
   12 21 23 37 36  2148
   12 20 25 39 31  2178
   12 34 28 16  7  2212
   12 39 25 12 34  1783
   12 29 36  2 39  1979
   12 39 34  5 19  1843
   12 21 34 32 37  1734
   12 23 30 33 37  2098
   12 26 30 33 16  1835
   12 27 28 33 18  1837
   12 28 34 33  2  2181
   14 27 32 31 18  1787
   14 30 29 31 13  2114
   14 28 32 31 22  1801
   13 28 35 32  4  1994
   12 27 28 34 22  1995
   14 28 23 34 27  1977
   12 29 28 33  8  2151
   13 28 35 33  4  2002
   13 25 35 34  2  1830
   12 23 33 34 27  1854
   13 22 31 38 27  2113
   13 26 33 32 22  1802
   13 25 35 33  9  1993
   13 24 36 31 18  2180
   14 24 34 34 16  1819
   12 28 33 31 37  2371
   14 29 29 31 37  1850
   14 24 34 32 29  1680
   12 24 34 37  0  2182
   12 28 22 32 37  2339
   12 23 36 33 11  2483
   12 26 36 33  4  1839
   12 32 35 14 37  2415
   12 27 18 36 35  1723
   12 28 22 34 35  1853
   13 25 25 33 37  1834
   12 32 22 25 37  2482
   12 32 26 24 37  2164
   12 32 20 30 33  2364
   12 39 19 30 38  1871
   12 39 27  9 33  1953
   12 28 34 33  6  2140
   12 36 32 14  5  2519
   14 36 26 14 22  1855
   12 36 26 15 17  1982
   12 39 32 10  0  1851
   13 39 31 12  0  1948
   11 36 39 24 35  2014
   19 32 31 21 37  2028
   18 33 32 24 36  1926
   19 32 36 20 37  1989
   17 32 38 20 37  1909
   16 31 28 28 34  2232
   16 31 32 25 34  1824
   16 33 31 17 38  1910
   16 39 20 29 36  2095
   15 33 37 20 36  2030
   15 32 27 28 34  2533
   14 31 39 21 37  2340
   14 39 27 11 35  1991
   14 31 32 26 23  1820
   13 39 22 29  9  2197
   14 36 28 25  0  2116
   13 39 26 22 27  1864
   13 33 35 17 37  2097
   13 32 28 28 22  2323
   12 31 39 25 24  2365
   14 31 35 26 23  2341
   12 32 34 26 26  1947
   14 34 34 25  0  2080
   13 32 30 27 22  1793
   12 35 29 25 21  1826
   14 35 32 25  3  2195
   12 33 34 25 22  1983
   12 31 33 30  0  1794
   13 31 27 32  8  1822
   12 36 39  8 36  2331
   12 31 33 26 35  1823
   12 39 22 24 36  2450
   13 35 28 14 36  2013
   13 34 28 14 37  2167
   12 34 26 15 38  2156
   13 39 25 15 37  2132
   12 34 27 24 36  1954
   12 35 27 19 36  1914
   12 37 34 11 29  2034
   11 20 38 35 37  2155
   17 13 34 36 13  2135
   15 25 38 31 12  2016
   14 13 36 36  6  2201
   14 26 38 32  4  2033
   13 24 38 32 24  2039
   13 13 39 32 11  2032
   13 23 28 35 37  2204
   13 17 37 37  0  1937
   13 24 24 37 35  2040
   12 24 39 32 29  2134
   13 23 36 33 27  2053
   12 18 30 37 35  1969
   15  6 31 36 36  2308
   12 23 32 34 34  2064
   12 20 35 36  8  2173
   11 38 39  9 34  1941
   15 39 32  8 29  2062
   14 39 33  9 10  2206
   14 37 30  9 35  1984
   13 37 37  8 35  2130
   12 39 30  5 36  2172
   14 39 33  3 36  2171
   12 37 31  9 36  2233
   12 39 35  8  1  2041
   12 39 30 11 12  2258
   11 29 38 27 38  2065
   14 26 29 31 38  2067
   13 32 36 15 38  2294
   12 30 27 29 38  2230
   11 35 38 12 38  2042
   13 34 39 12 37  2048
   12 34 35 14 37  2256
   11 20 34 39 17  2359
   13 10 36 39  0  2314
   12 20 34 36 27  2243
   12 10 37 38  0  2063
   11 28 39 32 28  2068
   13 28 27 33 35  2160
   13 28 29 32 36  2255
   12 28 26 34 29  2059
   12 28 38 31 30  2228
   11 37 34 13 29  2229
   14 39 27 13 36  2043
   13 37 31 14 20  2075
   11 37 39 13 23  2161
   11 39 37  6 26  2242
   13 39 38  6 17  2050
   12 39 39  6  1  2037
   11 20 39 33 31  2149
   13 16 39 34  0  2239
   12 25 39 33  5  2309
   12 25 37 33 16  2311
   12 23 38 33 26  1873
   11 32 30 30 19  1986
   14 32 25 29 36  2024
   13 31 25 31 26  2031
   12 31 37 28  3  2310
   13 32 36 27  0  2241
   11 34 38 25 22  2240
   13 35 32 25 22  2111
   13 33 39 25 13  2108
   13 35 39 25  3  2213
   12 32 38 28  3  2214
   11 29 39 18 38  2021
   11 39 35  6 34  2177
   12 39 36  5 34  2100
   12 39 36  2 36  2072
   12 39 38  2 33  2070
   11 23 37 14 39  2071
   11 29 39 31 30  1962
   11 14 36 39  6  2270
   13 19 36 38  4  2245
   11 30 32 11 39  2216
   11 39 33  8 33  2102
   13 39 33  9 17  2211
   11 33 37 28  1  2066
   13 39 24 27  8  1971
   12 39 23 27 18  2183
   12 33 23 29 35  2261
   11  9 39 37  0  2199
   12 20 38 37  0  1978
   11 22 31 39 28  2107
   13 23 26 39 25  1975
   12 22 31 37 33  2572
   13 24 27 36 36  1990
   12 24 34 39  0  2380
   11 30 39 31 15  2220
   11 32 27 30 32  2115
   11 31 37 27 24  2117
   13 31 39 28 13  2035
   12 32 34 28 17  1992
   13 32 37 27 17  2015
   12 31 33 30 12  2152
   12 31 34 28 28  1997
   11 32 28  9 39  1999
   12 32 31  2 39  2118
   11 34 33  2 39  2345
   11 25 30 31 38  2029
   11 39 24  9 39  2105
   12 34 26  9 39  2299
   11 35 27 25 35  2292
   11 39 30 11 32  2303
   11  9 38  9 39  2296
   11 26 34 36  0  2293
   11 28 27 35 35  2023
   14 26 25 36 35  2020
   12 39 16 37 31  2078
   12 28 33 34  1  2334
   12 28 33 36  0  2076
   12 27 24 39  2  2018
   13 27 24 38 11  2333
   13 39 17 37 31  2110
   12 26 24 37 33  2019
   11 30 26 36 27  2324
   14 30 27 36 14  2374
   13 29 24 37 27  2143
   13 31 22 36 15  2326
   13 31 25 32 32  2004
   12 30 29 34  6  1949
   12 31 29 33  5  2119
   12 31 29 32 13  2377
   12 29 21 39  8  2017
   12 28 20 39 26  2006
   11 32 21 35 27  2010
   12 32 29 31 13  2007
   11 29 36 32 27  1945
   11 30 34 32 20  2005
   11 30 35 33  6  2251
   11 27 25 38 28  2011
   11 39 27  5 37  2027
   12 38 39  1 37  2227
   11 32 39 25 26  2073
   11 24 28 37 33  2112
   11 25 28 38 28  2198
   12 28 26 37 29  2000
   12 27 28 35 35  2036
   13 27 30 33 35  2074
   12 26 32 33 34  2325
   11 32 35 28 22  2609
   11 33 39 21 36  2385
   12 32 39 21 37  2141
   11 26 38 33 18  2145
   11 39 34  7 25  2484
   11 31 39 25 32  2079
   11 20 39 32 32  1981
   11 32 38 23 36  2038
   11 31 33 28 34  2281
   11 25 28 34 37  2470
   11 31 30 30 32  2003
   12 32 28 31 22  2144
   11 26 25 38 33  2419
   11 24 25 38 34  2187
   11 23 34 21 39  2186
   11 12 26 36 37  2282
   11 21 38 35  9  2283
   11 29 26 38  7  2501
   11 37 34 14  6  2188
   11 38 34 10  4  1998
   11 39 35 10  0  2168
   11 39 35  9 15  2315
   12 39 34  8 32  2223
   12 39 36  7 28  2200
   12 39 36  9  3  2274
   11 29 35 32 29  2191
   11 29 29 32 37  2153
   11 24 34 34 27  2120
   13 27 29 34 35  2265
   11 32 29  5 39  2169
   10 34 39 39 37  2275
   16 35 38 26  2  2202
   15 39 23 31 35  2273
   12 35 30 26 22  2189
   12 35 33 26 16  2272
   12 27 23 33 38  2253
   11 35 27 29 22  2286
   12 35 32 31  0  2268
   11 36 31 28  0  2254
   11 35 31 30  4  2218
   12 35 29 29 21  2312
   11 35 30 29 18  2271
   11 39 24 29 31  2224
   11 35 28 29 29  2319
   12 35 32 26 29  2396
   10 29 33 30 39  2262
   16 29 37 28 38  2249
   13 30 30 19 39  2354
   13 26 32 31 38  2225
   12 23 36 29 38  2313
   12 30 32 30 38  2157
   12 31 27 17 39  2276
   12 30 33 10 39  2285
   11 25 32 33 38  2355
   11 28 35 18 39  2318
   12 27 36 14 39  2284
   11  8 36 30 38  2246
   11 30 34 10 39  2146
   11 30 30 22 39  2184
   11 29 34 30 38  2190
   11 26 36 18 39  2234
   10 37 39 20 27  2317
   16 39 28 20 30  2193
   14 37 38 14 29  2316
   13 39 27 19 35  2247
   12 37 30 22 22  2248
   12 39 28 28  0  2207
   12 37 32 22 13  2269
   11 37 30 17 30  2267
   10 38 39  9 37  2209
   16 39 36  3 37  2264
   16 36 35 11 37  2361
   13 39 35  6 36  2244
   14 39 34  6 37  2208
   12 36 38  5 38  2215
   12 36 30  9 38  2288
   11 39 28  3 38  2174
   11 36 35 12 37  2362
   11 37 29 10 37  2259
   10 36 31 34 29  2266
   13 36 30 25 35  2252
   13 39 23 39 22  2196
   13 39 28 27  3  2260
   11 35 32 29 29  2217
   11 36 30 28 31  2179
   11 39 26 37  3  2221
   12 35 27 36 22  2295
   11 39 23 35 36  2302
   11 35 33 27 19  2300
   10 35 39 32 29  2298
   14 35 39 28 31  2342
   14 35 39 26 34  2351
   11 35 32 34 29  2347
   11 35 34 33 24  2352
   10 27 31 37 38  2465
   11 27 32 34 38  2372
   11 29 29 32 38  2150
   10 24 38 18 39  2487
   10 23 39 30 38  2386
   10 23 37 33 38  2343
   12 27 35 33 38  2297
   10 32 31 31 38  2336
   11 32 20 24 39  2485
   11 32 32 24 38  2081
   10 37 36 14 35  2337
   13 37 31 17 33  2327
   13 39 28 22 32  2162
   11 39 28 19 35  2277
   10 27 15 38 38  2165
   10 16 34 27 39  2378
   10 36 31 39  1  2486
   10 35 36 39  0  2278
   13 35 36 33 24  2136
   11 35 36 34  6  2346
   10 37 37  4 38  2219
   12 37 31  5 38  2301
   11 39 29  3 38  2344
   10 37 37 22  6  2420
   12 37 35 22 12  2250
   11 37 39 22  0  2335
   10 33 28 26 38  2366
   12 34 25 19 38  2375
   10 29 36 11 39  2222
   10 39 29 12 32  2422
   10 34 27  9 39  2194
   10 39 29  4 39  2399
   12 39 30  2 39  2493
   11 36 28  5 39  2424
   10 36 27  7 39  2503
   10  1 23 38 38  2445
   10 39 20 24 39  2446
   10 36 30 34 30  2263
   10 34 28 19 38  2550
   10 39 39  2 36  2185
   10 39 25 15 38  2280
   10 35 25 19 37  2279
   10 26 38  8 39  2417
   11 26 37 18 39  2425
   10 39 35  8 25  2527
   10 39 35  7 36  2418
   11 39 33  8 37  2166
   10 39 34  8 36  2442
   10 35 27  8 39  2388
   10 39 31 11  8  2405
   10 39 21 31 38  2368
   10 39 36  5 37  2434
   10  7 33 35 38  2358
   10 34 30  3 39  2357
   10 29 34 32 38  2356
   10 35 33 34 29  2437
   10 35 38 14 36  2395
   10 39 30 11 35  2367
   10 35 31 36  8  2353
   10 35 34 35  8  2304
   10 39 35  9 17  2407
    9 38 39 35 38  2438
   13 36 36 36  0  2381
   13 31 31 37 38  2523
   11 39 35 11 17  2524
   11 39 36 16  0  2360
   12 39 35 12  3  2516
   11 39 26 37 22  2379
   10 39 35 14 18  2440
   11 39 32 22  8  2383
   10 39 37 18  0  2391
   11 39 33 20 11  2406
   11 39 35 18  3  2514
   10 39 35 20  3  2534
   10 39 35  5 38  2289
   10 36 35 39  0  2394
   10 35 37 39  0  2401
   10 35 30 37 13  2515
   10 39 33 17 14  2430
    9 29 25 35 39  2411
   14 23 27 32 39  2463
   10 23 28 32 39  2408
    9 27 38 28 39  2466
   14 29 34 28 39  2412
   10 25 36 30 39  2488
   10 29 35 29 39  2370
    9 32 37 39 38  2429
   10 33 37 36 38  2409
    9 39 39 20  2  2348
   11 39 37  7 17  2499
   10 39 37 13  3  2387
    9 39 32 30 38  2390
   11 39 33 26  8  2338
   11 39 33 29  6  2489
   10 39 34 23  3  2369
   10 39 32 31 26  2428
    9 39 37 13 18  2363
   13 39 37  8 22  2373
   10 39 38 13  4  2376
    9 39 33 28 20  2573
    9 39 36 21  5  2548
   10 39 35 23  2  2320
   10 39 37 18  3  2575
   10 39 38 15  3  2328
    9 39 34  8 38  2551
    9 29 28 33 39  2389
    9 36 27 39 21  2403
    9 36 28 38 33  2517
   14 35 31 37 33  2393
   10 39 26 37 37  2462
   10 35 31 36 37  2384
    9 36 33 36 14  2382
   11 35 34 39  3  2410
   10 35 33 38  8  2468
    9 37 29 37 32  2520
   10 39 30 37  3  2402
    9 39 35 17 11  2448
   12 39 34 23  8  2431
   10 39 36 17  7  2542
   10 39 34 22 11  2400
    9 39 35  8 34  2492
    9 35 33 36 29  2472
    9 35 27 39 31  2447
    9 39 36  5 38  2543
    9 39 25  8 39  2496
    9 39 38  6 19  2427
    9 39 36 19  6  2398
    8 39 39 37 20  2397
   14 38 39 36 22  2413
   13 36 39 36 27  2421
   13 36 35 39  4  2504
   12 39 31 37 27  2426
   11 36 37 39  0  2502
   11 38 32 37 27  2495
   11 35 38 38  3  2454
   10 35 35 39 16  2539
   10 36 31 37 35  2538
    9 39 37 14 35  2589
   10 39 37 15 27  2404
   10 39 34 11 37  2471
   11 39 33 12 38  2494
   10 39 37  4 37  2443
   10 39 35 21 21  2491
   10 39 34 33 21  2423
   10 39 38 15 21  2455
    9 37 39 36 35  2540
   10 35 39 36 36  2587
    9 39 35 19 26  2557
   12 39 37 17 23  2451
   10 39 35 20 25  2456
   11 39 33 25 27  2497
   10 39 35 18 27  2610
    9 38 39 37 23  2613
    9 39 38  4 33  2392
    9 35 32 39 29  2585
    9 39 37  7 36  2435
    9 37 33 36 37  2432
    9 36 34 36 38  2458
    9 39 38  9 22  2439
    8 33 36 34 39  2536
   15 34 32  6 39  2475
   10 34 33  7 39  2535
   10 35 30  7 39  2507
   10 33 26 35 39  2474
   10 39 24 10 39  2459
    8 37 39 39 37  2460
   13 37 37 36 38  2464
   10 39 30 38 14  2510
    8 27 39 21 39  2467
    8 27 31 38 39  2509
   10 30 34 35 39  2498
   10 31 23 37 39  2414
    8 39 39 39  1  2505
    8 39 35 28 32  2477
   11 39 36 15 35  2564
    9 39 34 37 25  2444
    8 39 38  9 37  2452
    9 39 39  9 26  2544
    9 39 35 15 36  2457
    8 34 32 19 39  2528
   13 39 23 19 39  2473
   10 34 33 11 39  2531
    9 35 30 11 39  2469
    9 35 24 16 39  2500
    8 39 36 31 28  2476
   10 39 35 37 23  2558
   10 39 35 35 26  2479
   10 39 37 20 22  2453
    8 39 35 20 37  2508
   10 39 33 24 35  2449
   10 39 34 23 35  2490
    9 39 33 32 33  2506
    8 27 37 32 39  2478
    8 39 36 28 34  2511
    8 34 36 11 39  2530
   10 37 39  0 39  2592
    8 39 36 39  9  2441
   11 39 34 39 12  2559
   10 38 39 39  4  2555
    8 39 36  9 38  2522
    8 39 39 15 23  2545
    8 39 38 14 35  2521
    8 12 34 36 39  2574
    8 39 37 13 37  2512
   10 39 38 10 37  2577
    9 39 36 10 38  2532
    8  4 36 35 39  2547
    8 39 36 20 36  2611
    8 39 39 15 25  2578
    8 39 39  4 35  2565
    8 39 27  7 39  2518
    9 39 29  5 39  2579
    8 37 30 37 38  2570
    8 39 34 32 31  2563
    8 39 38 39  3  2580
    8 39 39 38  5  2601
    8 39 39  0 39  2566
    8 39 25 11 39  2588
    7 32 38 39 39  2541
   12 33 38  7 39  2526
   10 37 38 36 38  2582
    8 32 39 38 38  2552
   10 37 39 36 38  2560
    7 39 37 10 39  2546
    8 33 38 28 39  2537
    8 35 38  8 39  2549
    8 38 38  2 39  2556
    8 39 28 11 39  2529
    7 38 39 39 38  2554
    8 39 35 39 25  2586
    8 39 39 38  7  2612
    7 39 38 31 32  2567
   10 39 39 19 22  2569
    8 39 38 20 35  2562
   10 39 37 28 34  2553
    8 39 34 39 32  2561
   10 39 35 38 28  2480
    7 39 37 20 38  2568
    7 39 39 10 38  2583
    9 39 39 12 31  2525
    7 38 38  9 39  2571
    7 39 26 16 39  2607
    7 39 38  5 39  2593
    7 39 38 20 36  2581
    7 39 36 21 38  2599
    7 39 35 38 32  2594
    7 39 24 19 39  2615
    7 39 32 34 37  2600
    8 39 33 34 34  2618
    7 39 37 30 34  2603
    7 39 35 33 34  2598
    7 39 36 38 20  2597
    7 39 39 38 15  2604
    7 39 38 11 38  2576
    7 35 37 11 39  2590
    6 39 37 38 39  2602
   12 39 29 39 39  2595
   10 39 38 36 22  2606
    8 34 38 28 39  2596
    8 39 38 32 32  2621
   10 39 38 36 25  2584
    7 39 38 32 33  2614
    7 39 30 39 39  2616
    7 39 38 38 20  2591
    6 38 38 39 39  2605
    7 39 32 39 39  2623
    6 39 38 15 39  2617
    6 39 38 38 34  2608
    7 39 38 23 35  2622
    6 39 37 39 38  2619
    7 39 39 39 11  2626
    6 39 38 31 36  2624
    6 39 39 35 21  2620
    6 39 38 19 37  2628
    6 39 39 27 22  2629
    6 39 38 39 17  2627
    6 39 39  1 39  2625
    5 39 39 39 39  2630
